2 2 2 2 2 2 2 2 2 2 2 2 2 2 2 2 2 2 2 2 2 2 2 2 2 2 2 2 2 2 2 2 2 2 2 2 2 2 2 2 2 2 2 2 2 2 2 2 2 2 2 2 2 2 2 2 2 2 2 2 2 2 2 2 2 2 2 2 2 2 2 2 2 2 2 2 2 2 2 2 2 2 2 2 2 2 2 2
2 2 2 2 2 2 2 2 2 2 2 2 2 2 2 2 2 2 2 2 2 2 2 2 2 2 2 2 2 2 2 2 2 2 2 2 2 2 2 2 2 2 2 2 2 2 2 2 2 2 2 2 2 2 2 2 2 2 2 2 2 2 2 2 2 2 2 2 2 2 2 2 2 2 2 2 2 2 2 2 2 2 2 2 2 2 2 2
2 2 2 2 2 2 2 2 2 2 2 2 2 2 2 2 2 2 2 2 2 2 2 2 2 2 2 2 2 2 2 2 2 2 2 2 2 2 2 2 2 2 2 2 2 2 2 2 2 2 2 2 2 2 2 2 2 2 2 2 2 2 2 2 2 2 2 2 2 2 2 2 2 2 2 2 2 2 2 2 2 2 2 2 2 2 2 2
2 2 2 1 1 1 1 1 1 1 1 1 1 1 1 1 1 1 1 1 1 1 1 1 1 1 1 1 1 1 1 1 1 1 1 1 1 1 1 1 1 2 2 2 5 10 10 10 10 10 10 10 10 10 10 6 1 2 2 2 2 2 2 2 2 2 2 2 2 2 2 2 2 2 2 2 2 2 2 2 2 2 2 2 2 2 2 2
2 2 2 1 5 10 10 10 10 10 10 10 10 10 10 10 10 10 10 10 10 10 10 10 10 10 10 10 10 10 10 10 10 10 10 10 10 10 10 6 1 2 2 2 8 11 11 11 11 11 11 11 11 11 11 9 1 2 2 2 5 10 10 10 10 10 10 10 6 2 2 2 2 2 2 2 1 1 1 1 1 1 1 1 2 2 2 2
2 2 2 1 8 11 11 11 11 11 11 11 11 11 11 11 11 11 11 11 11 11 11 11 11 11 11 11 11 11 11 11 11 11 11 11 11 11 11 9 1 2 2 2 8 11 12 7 7 7 7 7 7 7 7 4 2 2 2 2 8 11 11 11 11 11 11 11 9 2 2 2 2 2 2 2 5 10 10 10 10 10 10 6 2 2 2 2
2 2 2 1 8 11 12 7 7 13 11 12 7 7 7 7 7 7 7 7 7 7 7 7 7 7 7 7 7 7 7 7 7 7 7 7 13 11 11 9 1 2 2 2 8 11 9 2 2 2 2 2 2 2 2 2 2 2 2 2 8 11 12 7 7 7 13 11 9 2 2 2 2 2 2 2 8 11 12 7 7 13 11 9 2 2 2 2
2 2 2 1 8 11 9 2 1 8 11 9 1 2 2 2 2 2 2 2 2 2 2 2 2 20 24 24 24 24 24 24 21 2 2 2 8 11 11 9 1 2 2 2 8 11 9 2 2 2 2 2 2 2 2 2 2 2 2 2 8 11 9 2 2 2 8 11 9 2 2 2 2 2 2 2 8 11 9 2 2 8 11 9 2 2 2 2
2 2 2 1 8 11 9 2 1 8 11 9 1 2 1 1 1 1 1 1 1 1 1 1 2 22 16 16 16 16 16 16 23 2 2 2 8 11 11 9 1 2 2 2 8 11 9 2 2 2 2 2 2 2 2 2 2 2 2 2 8 11 9 2 2 2 8 11 9 2 2 2 2 2 2 2 8 11 9 2 2 8 11 9 2 2 2 2
2 2 2 1 8 11 9 2 1 8 11 9 1 2 1 5 10 10 10 10 10 10 10 6 2 22 16 16 16 16 16 16 23 2 2 2 8 11 11 9 1 2 2 2 8 11 9 2 2 2 2 2 2 2 2 2 2 2 2 2 8 11 9 2 2 2 8 11 9 2 2 2 2 2 2 2 8 11 9 2 2 8 11 9 2 2 2 2
2 2 2 1 8 11 9 2 1 8 11 9 1 2 1 8 11 11 11 11 11 11 11 9 2 22 16 16 16 16 16 16 23 2 2 2 8 11 11 9 1 2 2 2 8 11 15 10 10 10 10 10 10 10 10 10 10 10 10 10 14 11 9 2 2 2 8 11 15 10 10 10 10 10 10 10 14 11 9 2 2 8 11 9 2 2 2 2
2 2 2 1 8 11 9 2 1 3 7 4 1 2 1 8 11 12 7 7 7 13 11 9 2 22 16 16 16 16 16 16 23 2 2 2 3 7 7 4 1 2 2 2 3 7 7 7 7 7 7 7 7 7 7 7 7 7 7 7 7 7 4 2 2 2 3 13 11 12 7 7 7 7 7 7 7 7 4 2 2 8 11 9 2 2 2 2
2 2 2 1 8 11 9 2 2 2 2 2 2 2 1 8 11 9 2 2 2 8 11 9 2 22 16 16 16 16 16 16 23 2 2 2 2 2 2 2 2 2 2 2 2 2 2 2 2 2 2 2 2 2 2 2 2 2 2 2 2 2 2 2 2 2 2 8 11 9 2 2 2 2 2 2 2 2 2 2 2 8 11 9 2 2 2 2
2 2 2 1 8 11 9 1 1 1 1 1 1 1 1 8 11 9 2 2 2 8 11 9 2 22 16 16 16 16 16 16 23 2 2 2 2 2 2 2 2 2 2 2 2 2 2 2 2 2 2 2 2 2 2 2 2 2 2 2 2 2 2 2 2 2 2 8 11 9 2 2 2 2 2 2 2 2 2 2 2 8 11 9 2 2 2 2
2 2 2 1 8 11 15 10 10 10 10 10 10 10 10 14 11 9 2 2 2 8 11 9 2 22 16 16 16 16 16 16 0 24 24 21 5 10 10 10 10 10 10 10 10 10 10 10 10 10 10 10 10 10 10 10 10 10 10 10 10 10 10 10 10 10 10 14 11 9 2 2 2 2 2 2 2 2 2 2 2 8 11 9 2 2 2 2
2 2 2 1 3 7 7 7 7 7 7 7 7 7 7 7 7 4 2 2 2 8 11 9 2 22 16 16 16 16 16 16 16 16 16 23 8 11 11 12 7 7 7 7 7 7 7 7 7 7 7 7 7 7 7 7 7 7 7 7 7 7 7 7 7 7 7 7 7 4 2 2 2 2 2 2 2 2 2 2 2 8 11 9 2 2 2 2
2 2 2 2 2 2 2 2 2 2 2 2 2 2 2 2 2 2 2 2 2 8 11 9 2 22 16 16 16 16 16 16 16 16 16 23 8 11 11 9 2 2 2 2 2 2 2 2 2 2 2 2 2 2 2 2 2 2 2 2 2 2 2 2 2 2 2 2 2 2 2 2 2 2 2 2 2 2 2 2 2 8 11 9 2 2 2 2
2 2 2 2 2 2 2 2 2 2 2 2 2 2 2 2 2 2 2 2 2 8 11 9 2 22 16 16 16 16 16 16 16 16 16 23 8 11 11 9 2 2 2 2 2 2 2 2 2 2 2 2 2 2 2 2 2 2 2 2 2 2 2 2 2 2 2 2 2 2 2 2 2 2 2 2 2 2 2 2 2 8 11 9 2 2 2 2
2 2 2 1 5 10 10 10 10 10 10 10 10 10 10 10 6 1 2 2 2 8 11 9 2 22 16 16 16 16 16 16 16 16 16 23 8 11 11 9 2 2 2 2 2 2 2 2 2 2 2 2 2 2 2 2 2 2 2 2 2 2 2 2 2 2 2 2 2 2 2 2 2 2 2 2 2 2 2 2 2 8 11 9 2 2 2 2
2 2 2 1 8 11 11 11 11 11 11 11 11 11 11 11 9 1 2 2 2 8 11 9 1 18 17 17 17 17 17 17 17 17 17 19 8 11 11 9 2 2 2 2 2 2 2 2 2 2 2 2 2 2 2 2 2 2 2 2 2 2 2 2 2 2 2 2 2 2 2 2 2 2 2 2 2 2 2 2 2 8 11 9 2 2 2 2
2 2 2 1 8 11 12 7 7 7 7 7 7 7 13 11 9 1 2 2 2 8 11 15 10 10 10 10 10 10 10 10 10 10 10 10 14 11 11 15 10 10 10 6 2 2 2 5 10 10 10 10 10 10 10 10 10 10 10 10 6 2 2 2 2 5 10 10 10 10 10 10 10 10 10 10 6 2 2 2 2 8 11 9 2 2 2 2
2 2 2 1 8 11 9 1 1 1 1 1 1 1 8 11 9 1 2 2 2 8 11 11 11 11 11 11 11 11 11 11 11 11 11 11 11 11 11 11 11 11 11 9 2 2 2 8 11 11 11 11 11 11 11 11 11 11 11 11 9 2 2 2 2 8 11 11 11 11 11 11 11 11 11 11 9 2 2 2 2 8 11 9 2 2 2 2
2 2 2 1 8 11 9 2 2 2 2 2 2 2 8 11 15 10 10 10 10 14 11 12 7 7 7 7 7 7 7 7 7 7 7 7 13 11 11 12 7 7 7 4 2 2 2 8 11 11 12 7 7 7 7 7 7 7 13 11 9 2 2 2 2 8 11 11 12 7 7 7 7 7 7 7 4 2 2 2 2 8 11 9 2 2 2 2
2 2 2 1 8 11 9 1 1 1 1 1 2 2 8 11 11 11 11 11 11 11 11 9 20 24 24 21 1 1 1 1 20 24 24 21 8 11 11 9 2 2 2 2 2 2 2 8 11 11 9 2 2 2 2 2 2 2 8 11 9 2 2 2 2 8 11 11 9 2 2 2 2 2 2 2 2 2 2 2 2 8 11 9 2 2 2 2
2 2 2 1 8 11 15 10 10 10 10 6 2 2 8 11 11 11 11 11 12 7 7 4 22 16 16 23 1 1 1 1 22 16 16 23 8 11 11 9 2 2 2 2 2 2 2 8 11 11 9 2 2 2 2 2 2 2 8 11 9 2 2 2 2 8 11 11 9 2 2 2 2 2 2 2 2 2 2 2 2 8 11 9 2 2 2 2
2 2 2 1 8 11 11 11 11 11 11 9 2 2 3 7 7 13 11 11 9 2 2 2 22 16 16 23 1 1 1 1 22 16 16 23 3 7 13 15 6 2 2 2 2 2 2 8 11 11 9 2 2 2 2 2 2 2 8 11 9 2 2 2 2 8 11 11 9 2 2 20 24 24 24 24 24 24 21 2 2 8 11 9 2 2 2 2
2 2 2 1 3 7 7 13 11 11 12 4 2 2 2 2 2 8 11 11 9 2 2 2 18 17 17 19 1 1 1 1 18 17 17 19 2 2 8 11 9 2 2 2 2 2 2 8 11 11 9 2 2 2 2 2 2 2 8 11 15 10 10 10 10 14 11 11 9 2 2 22 16 16 16 16 16 16 23 2 2 8 11 9 2 2 2 2
2 2 2 2 2 2 2 8 11 11 9 2 2 2 5 10 10 14 11 11 9 2 2 2 1 1 1 1 1 1 1 1 1 1 1 1 2 2 8 11 9 2 2 2 2 2 2 8 11 11 9 2 2 2 2 2 2 2 8 11 11 11 11 11 11 11 11 11 9 2 2 22 23 2 2 2 2 22 23 2 2 8 11 9 2 2 2 2
2 2 2 2 2 2 2 8 11 11 9 2 2 2 8 11 11 11 11 11 9 2 2 2 20 24 24 24 24 24 24 24 24 21 1 1 2 2 8 11 9 2 2 2 2 2 2 8 11 11 9 2 2 2 2 2 2 2 3 7 7 7 7 7 7 7 13 11 9 2 2 22 23 2 2 2 2 22 23 2 2 8 11 9 2 2 2 2
2 2 2 2 2 2 2 8 11 11 9 2 2 2 8 11 11 11 11 11 9 2 2 2 22 16 16 16 16 16 16 16 16 23 1 1 2 2 8 11 9 2 2 2 2 2 2 8 11 11 9 2 2 2 2 2 2 2 2 2 2 2 2 2 2 2 8 11 9 2 2 22 23 2 1 1 2 22 23 2 2 8 11 9 2 2 2 2
2 2 2 2 5 10 10 14 11 11 9 2 2 2 3 7 7 7 7 7 4 2 2 2 22 16 16 16 16 16 16 16 16 23 1 1 2 5 14 11 9 2 2 2 2 2 2 8 11 11 15 10 10 10 10 10 6 2 2 2 2 2 2 2 2 2 8 11 9 2 2 22 23 2 1 1 2 22 23 2 2 8 11 9 2 2 2 2
2 2 2 2 8 11 12 7 7 7 4 2 2 2 2 2 2 2 2 2 2 2 2 2 18 17 17 17 17 17 17 17 17 19 5 10 10 14 11 11 9 2 2 2 2 2 2 3 7 7 7 7 7 13 11 11 9 2 2 2 2 2 2 2 2 2 8 11 9 2 2 22 23 2 1 1 2 22 23 2 2 8 11 9 2 2 2 2
2 2 2 1 8 11 9 2 2 2 2 2 2 5 10 10 10 10 10 10 10 10 10 10 10 10 10 10 10 10 10 10 10 10 14 11 11 11 12 7 4 2 2 2 2 2 2 2 2 2 2 2 2 8 11 11 9 2 2 2 2 2 2 2 2 2 8 11 9 2 2 22 23 2 1 1 2 22 23 2 2 8 11 9 2 2 2 2
2 2 2 1 8 11 15 10 10 10 6 1 2 8 11 11 11 11 11 11 11 11 11 11 11 11 11 11 11 11 11 11 11 11 11 11 11 11 9 2 2 2 2 2 2 2 2 2 2 2 2 2 2 8 11 11 9 2 2 2 5 10 10 10 10 10 14 11 9 2 2 22 23 2 1 1 2 22 23 2 2 8 11 9 2 2 2 2
2 2 2 1 8 11 11 11 11 11 9 1 2 8 11 12 7 7 7 7 7 13 11 11 12 7 7 7 7 7 7 7 7 7 7 13 11 11 9 2 2 2 2 2 2 2 2 2 2 2 2 2 2 8 11 11 9 2 2 2 8 11 11 11 11 11 11 11 9 2 2 22 23 2 1 1 2 22 23 2 2 8 11 9 2 2 2 2
2 2 2 1 8 11 11 11 11 11 9 1 2 8 11 9 2 2 2 2 2 8 11 11 9 1 1 1 1 1 1 2 2 2 2 8 11 11 15 10 6 2 2 2 2 2 2 2 2 2 2 2 2 8 11 11 9 2 2 2 3 7 7 7 7 7 7 7 4 2 2 22 23 2 1 1 2 22 23 2 2 8 11 9 2 2 2 2
2 2 2 1 8 11 12 7 7 7 4 1 2 3 7 4 2 2 2 2 2 8 11 11 9 1 1 1 1 1 1 2 2 2 2 8 11 11 11 11 9 2 2 2 2 2 2 2 2 2 2 2 2 8 11 11 9 2 2 2 2 2 2 2 2 2 2 2 2 2 2 22 23 2 1 1 2 22 23 2 2 8 11 9 2 2 2 2
2 2 2 1 8 11 9 2 2 2 2 2 2 2 2 2 2 2 2 2 2 8 11 11 15 10 10 10 10 10 6 2 2 2 2 8 11 11 11 11 9 2 2 2 2 2 2 2 2 2 2 2 2 8 11 11 9 2 2 2 2 2 2 2 2 2 2 2 2 2 2 22 23 2 1 1 2 22 23 2 2 8 11 9 2 2 2 2
2 2 2 1 8 11 15 10 10 10 10 10 10 10 6 2 2 2 2 2 2 8 11 11 11 11 11 11 11 11 9 2 2 2 2 8 11 11 11 11 9 2 2 2 2 2 2 2 2 2 2 2 2 8 11 11 9 2 2 2 2 2 2 2 2 2 2 2 2 2 2 18 19 2 1 1 2 18 19 2 2 8 11 9 2 2 2 2
2 2 2 1 8 11 11 11 11 11 11 11 11 11 9 2 2 2 2 2 2 3 13 11 11 11 11 11 11 11 9 2 2 2 2 8 11 11 11 11 9 2 2 2 2 2 2 2 2 2 2 2 2 8 11 11 15 10 10 10 10 10 10 10 10 10 10 10 10 10 10 10 10 10 10 10 10 10 6 2 2 8 11 9 2 2 2 2
2 2 2 1 3 7 7 7 7 7 7 7 7 7 4 2 2 2 2 2 2 2 3 7 7 7 7 7 7 7 4 2 2 2 2 8 11 11 11 11 15 10 10 10 10 10 10 10 10 10 10 10 10 14 11 11 11 11 11 11 11 11 11 11 11 11 11 11 11 11 11 11 11 11 11 11 11 11 9 2 2 8 11 9 2 2 2 2
2 2 2 1 1 1 1 1 1 1 1 1 1 1 1 2 2 2 2 2 2 2 1 1 1 1 1 1 1 1 1 2 2 2 2 3 7 7 7 7 7 7 7 7 7 7 7 7 7 7 7 7 7 7 7 7 7 7 7 7 7 7 7 7 7 7 7 7 7 7 7 7 7 7 7 7 7 7 4 2 2 8 11 9 2 2 2 2
2 2 2 2 2 2 2 2 2 2 2 2 2 2 2 2 2 2 2 2 2 2 2 2 2 2 2 2 2 2 2 2 2 2 2 2 2 2 2 2 2 2 2 2 2 2 2 2 2 2 2 2 2 2 2 2 2 2 2 2 2 2 2 2 2 2 2 2 2 2 2 2 2 2 2 2 2 2 2 2 2 8 11 9 2 2 2 2
2 2 2 2 2 2 2 2 2 2 2 2 2 2 2 2 2 2 2 2 2 2 2 2 2 2 2 2 2 2 2 2 2 2 2 2 2 2 2 2 2 2 2 2 2 2 2 2 2 2 2 2 2 2 2 2 2 2 2 2 2 2 2 2 2 2 2 2 2 2 2 2 2 2 2 2 2 2 2 2 2 3 7 4 2 2 2 2
2 2 2 2 2 2 2 2 2 2 2 2 2 2 2 2 2 2 2 2 2 2 2 2 2 2 2 2 2 2 2 2 2 2 2 2 2 2 2 2 2 2 2 2 2 2 2 2 2 2 2 2 2 2 2 2 2 2 2 2 2 2 2 2 2 2 2 2 2 2 2 2 2 2 2 2 2 2 2 2 2 2 2 2 2 2 2 2
2 2 2 2 2 2 2 2 2 2 2 2 2 2 2 2 2 2 2 2 2 2 2 2 2 2 2 2 2 2 2 2 2 2 2 2 2 2 2 2 2 2 2 2 2 2 2 2 2 2 2 2 2 2 2 2 2 2 2 2 2 2 2 2 2 2 2 2 2 2 2 2 2 2 2 2 2 2 2 2 2 2 2 2 2 2 2 2
2 2 2 2 2 2 2 2 2 2 2 2 2 2 2 2 2 2 2 2 2 2 2 2 2 2 2 2 2 2 2 2 2 2 2 2 2 2 2 2 2 2 2 2 2 2 2 2 2 2 2 2 2 2 2 2 2 2 2 2 2 2 2 2 2 2 2 2 2 2 2 2 2 2 2 2 2 2 2 2 2 2 2 2 2 2 2 2
2 2 2 2 2 2 2 2 2 2 2 2 2 2 2 2 2 2 2 2 2 2 2 2 2 2 2 2 2 2 2 2 2 2 2 2 2 2 2 2 2 2 2 2 2 2 2 2 2 2 2 2 2 2 2 2 2 2 2 2 2 2 2 2 2 2 2 2 2 2 2 2 2 2 2 2 2 2 2 2 2 2 2 2 2 2 2 2